local beamshigh = Instance.new("Part")
beamshigh.Name = "beamshigh"
beamshigh.CFrame = game.Players.LocalPlayer.Character.HumanoidRootPart.CFrame
beamshigh.BottomSurface = Enum.SurfaceType.Smooth
beamshigh.CanCollide = false
beamshigh.EnableFluidForces = false
beamshigh.Transparency = 1
beamshigh.TopSurface = Enum.SurfaceType.Smooth
beamshigh.CanQuery = false
beamshigh.Locked = true
beamshigh.Color = Color3.fromRGB(255, 2, 201)
beamshigh.Massless = true
beamshigh.Size = Vector3.new(3.384375810623169, 3.384375810623169, 3.384375810623169)
beamshigh.CanTouch = false
beamshigh.Shape = Enum.PartType.Ball
beamshigh.Anchored = true

local Top = Instance.new("Attachment")
Top.Name = "Top"
Top.WorldSecondaryAxis = Vector3.new(1.0148283990929485e-07, -0.9999955296516418, 1.8053161454645306e-07)
Top.WorldOrientation = Vector3.new(-0.000011839169019367546, 33.1927375793457, 180)
Top.CFrame = CFrame.new(0, 144.59043884277344, -105.59207153320312, 1.390908632714627e-08, -1, 2.06632421395625e-07, -1, -1.3909080109897332e-08, 2.9802404100109925e-08, -2.9802400547396246e-08, -2.06632421395625e-07, -1)
Top.WorldPosition = Vector3.new(296.34259033203125, 297.8016662597656, 19.08818817138672)
Top.Axis = Vector3.new(1.390908632714627e-08, -1, -2.9802400547396246e-08)
Top.Rotation = Vector3.new(-180, 0.000011839165381388739, 90)
Top.WorldCFrame = CFrame.new(296.34259033203125, 297.8016662597656, 19.08818817138672, -0.8368338346481323, 1.0148283990929485e-07, 0.5474572777748108, 1.390902415465689e-08, -0.9999955296516418, 2.066314976900685e-07, 0.547457218170166, 1.8053161454645306e-07, 0.8368337154388428)
Top.SecondaryAxis = Vector3.new(-1, -1.3909080109897332e-08, -2.06632421395625e-07)
Top.Position = Vector3.new(0, 144.59043884277344, -105.59207153320312)
Top.Orientation = Vector3.new(-0.0000017075518599085626, 179.99998474121094, -90)
Top.WorldAxis = Vector3.new(-0.8368338346481323, 1.390902415465689e-08, 0.547457218170166)
Top.Parent = beamshigh

local Top1 = Instance.new("Attachment")
Top1.Name = "Top"
Top1.WorldSecondaryAxis = Vector3.new(5.6381967539209654e-08, -0.9999955296516418, 1.3881005145321978e-07)
Top1.WorldOrientation = Vector3.new(-0.000008424064617429394, 33.1927375793457, 180)
Top1.CFrame = CFrame.new(0.00005164147660252638, 150.90481567382812, 85.43106079101562, 2.881023775103131e-08, -1, 1.470276345116872e-07, -1, -2.881023597467447e-08, 1.490120737912548e-08, -1.4901203826411802e-08, -1.470276345116872e-07, -1)
Top1.WorldPosition = Vector3.new(197.0496826171875, 297.8017272949219, -144.2232666015625)
Top1.Axis = Vector3.new(2.881023775103131e-08, -1, -1.4901203826411802e-08)
Top1.Rotation = Vector3.new(-180, 0.00000842406279843999, 89.99999237060547)
Top1.WorldCFrame = CFrame.new(197.0496826171875, 297.8017272949219, -144.2232666015625, -0.8368338346481323, 5.6381967539209654e-08, 0.5474572777748108, 2.8810108076982033e-08, -0.9999955296516418, 1.470269808123703e-07, 0.547457218170166, 1.3881005145321978e-07, 0.8368337154388428)
Top1.SecondaryAxis = Vector3.new(-1, -2.881023597467447e-08, -1.470276345116872e-07)
Top1.Position = Vector3.new(0.00005164147660252638, 150.90481567382812, 85.43106079101562)
Top1.Orientation = Vector3.new(-8.537763278582133e-07, 179.99998474121094, -90)
Top1.WorldAxis = Vector3.new(-0.8368338346481323, 2.8810108076982033e-08, 0.547457218170166)
Top1.Parent = beamshigh

local Bottom = Instance.new("Attachment")
Bottom.Name = "Bottom"
Bottom.WorldSecondaryAxis = Vector3.new(-0.4741119146347046, 0.4999977648258209, -0.724719226360321)
Bottom.WorldOrientation = Vector3.new(-8.53773599374108e-07, 123.19274139404297, -60)
Bottom.CFrame = CFrame.new(7.739314556121826, 0.04936118423938751, -4.468278884887695, -0.8660253882408142, 0.5, 0, 0, 0, 1, 0.5, 0.8660253882408142, -0)
Bottom.WorldPosition = Vector3.new(120.02477264404297, 305.54095458984375, 13.594446182250977)
Bottom.Axis = Vector3.new(-0.8660253882408142, 0, 0.5)
Bottom.Rotation = Vector3.new(-90, 0, -150)
Bottom.WorldCFrame = CFrame.new(120.02477264404297, 305.54095458984375, 13.594446182250977, -0.2737286388874054, -0.4741119146347046, 0.8368338346481323, -0.8660215139389038, 0.4999977648258209, 0, -0.4184168577194214, -0.724719226360321, -0.547457218170166)
Bottom.SecondaryAxis = Vector3.new(0.5, 0, 0.8660253882408142)
Bottom.Position = Vector3.new(7.739314556121826, 0.04936118423938751, -4.468278884887695)
Bottom.Orientation = Vector3.new(-90, -150, 0)
Bottom.WorldAxis = Vector3.new(-0.2737286388874054, -0.8660215139389038, -0.4184168577194214)
Bottom.Parent = beamshigh

local Bottom1 = Instance.new("Attachment")
Bottom1.Name = "Bottom"
Bottom1.WorldSecondaryAxis = Vector3.new(-0.5474572777748108, 0, -0.8368337154388428)
Bottom1.WorldOrientation = Vector3.new(-0, -56.807254791259766, 90)
Bottom1.CFrame = CFrame.new(-11.20982837677002, 0.04936118423938751, 0.00005164147660252638, 1, 0, 0, 0, 0, -1, 0, 1, 0)
Bottom1.WorldPosition = Vector3.new(117.57855224609375, 286.5918884277344, 9.855196952819824)
Bottom1.Rotation = Vector3.new(90, 0, -0)
Bottom1.WorldCFrame = CFrame.new(117.57855224609375, 286.5918884277344, 9.855196952819824, 0, -0.5474572777748108, -0.8368338346481323, 0.9999955296516418, 0, 0, 0, -0.8368337154388428, 0.547457218170166)
Bottom1.SecondaryAxis = Vector3.new(0, 0, 1)
Bottom1.Position = Vector3.new(-11.20982837677002, 0.04936118423938751, 0.00005164147660252638)
Bottom1.Orientation = Vector3.new(90, 0, 0)
Bottom1.WorldAxis = Vector3.new(0, 0.9999955296516418, 0)
Bottom1.Parent = beamshigh

local Bottom2 = Instance.new("Attachment")
Bottom2.Name = "Bottom"
Bottom2.WorldSecondaryAxis = Vector3.new(0, -0.9999955296516418, -0)
Bottom2.WorldOrientation = Vector3.new(0, -56.807254791259766, 180)
Bottom2.CFrame = CFrame.new(0, 0.04936118423938751, -10.254526138305664, 0, -1, 0, 0, 0, -1, 1, 0, 0)
Bottom2.WorldPosition = Vector3.new(123.19249725341797, 297.8016662597656, 18.436573028564453)
Bottom2.Axis = Vector3.new(0, 0, 1)
Bottom2.Rotation = Vector3.new(90, 0, 90)
Bottom2.WorldCFrame = CFrame.new(123.19249725341797, 297.8016662597656, 18.436573028564453, -0.5474572777748108, 0, -0.8368338346481323, 0, -0.9999955296516418, 0, -0.8368337154388428, -0, 0.547457218170166)
Bottom2.SecondaryAxis = Vector3.new(-1, 0, 0)
Bottom2.Position = Vector3.new(0, 0.04936118423938751, -10.254526138305664)
Bottom2.Orientation = Vector3.new(90, -90, 0)
Bottom2.WorldAxis = Vector3.new(-0.5474572777748108, 0, -0.8368337154388428)
Bottom2.Parent = beamshigh

local Bottom3 = Instance.new("Attachment")
Bottom3.Name = "Bottom"
Bottom3.WorldSecondaryAxis = Vector3.new(0, -0.9999955296516418, -0)
Bottom3.WorldOrientation = Vector3.new(-0, 123.19274139404297, 180)
Bottom3.CFrame = CFrame.new(0, 0.04936118423938751, 8.845758438110352, 0, -1, 0, 0, 0, 1, -1, 0, 0)
Bottom3.WorldPosition = Vector3.new(112.73590850830078, 297.8016662597656, 2.452810764312744)
Bottom3.Axis = Vector3.new(0, 0, -1)
Bottom3.Rotation = Vector3.new(-90, 0, 90)
Bottom3.WorldCFrame = CFrame.new(112.73590850830078, 297.8016662597656, 2.452810764312744, 0.5474572777748108, 0, 0.8368338346481323, 0, -0.9999955296516418, 0, 0.8368337154388428, -0, -0.547457218170166)
Bottom3.SecondaryAxis = Vector3.new(-1, 0, 0)
Bottom3.Position = Vector3.new(0, 0.04936118423938751, 8.845758438110352)
Bottom3.Orientation = Vector3.new(-90, 90, 0)
Bottom3.WorldAxis = Vector3.new(0.5474572777748108, 0, 0.8368337154388428)
Bottom3.Parent = beamshigh

local Bottom4 = Instance.new("Attachment")
Bottom4.Name = "Bottom"
Bottom4.WorldSecondaryAxis = Vector3.new(-0.2737286388874054, 0.8660215139389038, -0.4184168577194214)
Bottom4.WorldOrientation = Vector3.new(8.53773599374108e-07, 123.19274139404297, -30)
Bottom4.CFrame = CFrame.new(4.366610527038574, 0.04936118423938751, -7.563268661499023, -0.5, 0.8660253882408142, 0, 0, 0, 1, 0.8660253882408142, 0.5, -0)
Bottom4.WorldPosition = Vector3.new(121.71914672851562, 302.1682434082031, 16.184438705444336)
Bottom4.Axis = Vector3.new(-0.5, 0, 0.8660253882408142)
Bottom4.Rotation = Vector3.new(-90, 0, -120)
Bottom4.WorldCFrame = CFrame.new(121.71914672851562, 302.1682434082031, 16.184438705444336, -0.4741119146347046, -0.2737286388874054, 0.8368338346481323, -0.4999977648258209, 0.8660215139389038, 0, -0.724719226360321, -0.4184168577194214, -0.547457218170166)
Bottom4.SecondaryAxis = Vector3.new(0.8660253882408142, 0, 0.5)
Bottom4.Position = Vector3.new(4.366610527038574, 0.04936118423938751, -7.563268661499023)
Bottom4.Orientation = Vector3.new(-90, -120, 0)
Bottom4.WorldAxis = Vector3.new(-0.4741119146347046, -0.4999977648258209, -0.724719226360321)
Bottom4.Parent = beamshigh

local Bottom5 = Instance.new("Attachment")
Bottom5.Name = "Bottom"
Bottom5.WorldSecondaryAxis = Vector3.new(-0.2737286388874054, 0.8660215139389038, -0.4184168577194214)
Bottom5.WorldOrientation = Vector3.new(-8.53773599374108e-07, -56.807254791259766, 30)
Bottom5.CFrame = CFrame.new(-2.8444576263427734, 0.04936118423938751, 4.926673412322998, 0.5, 0.8660253882408142, 0, 0, 0, -1, -0.8660253882408142, 0.5, 0)
Bottom5.WorldPosition = Vector3.new(114.88143920898438, 294.95721435546875, 5.732433319091797)
Bottom5.Axis = Vector3.new(0.5, 0, -0.8660253882408142)
Bottom5.Rotation = Vector3.new(90, 0, -60)
Bottom5.WorldCFrame = CFrame.new(114.88143920898438, 294.95721435546875, 5.732433319091797, 0.4741119146347046, -0.2737286388874054, -0.8368338346481323, 0.4999977648258209, 0.8660215139389038, 0, 0.724719226360321, -0.4184168577194214, 0.547457218170166)
Bottom5.SecondaryAxis = Vector3.new(0.8660253882408142, 0, 0.5)
Bottom5.Position = Vector3.new(-2.8444576263427734, 0.04936118423938751, 4.926673412322998)
Bottom5.Orientation = Vector3.new(90, 60, 0)
Bottom5.WorldAxis = Vector3.new(0.4741119146347046, 0.4999977648258209, 0.724719226360321)
Bottom5.Parent = beamshigh

local Top2 = Instance.new("Attachment")
Top2.Name = "Top"
Top2.WorldSecondaryAxis = Vector3.new(-0.5474573373794556, 7.549824232455649e-08, -0.836833655834198)
Top2.WorldOrientation = Vector3.new(90, -146.8072509765625, 0)
Top2.CFrame = CFrame.new(-96.58794403076172, 126.68274688720703, 12.535659790039062, -2.9802311729554276e-08, 7.549857627964229e-08, -1, -1, -7.351371067443324e-08, 2.9802306400483758e-08, -7.351371067443324e-08, 1, 7.549857627964229e-08)
Top2.WorldPosition = Vector3.new(216.68695068359375, 201.2141571044922, -69.96138763427734)
Top2.Axis = Vector3.new(-2.9802311729554276e-08, -1, -7.351371067443324e-08)
Top2.Rotation = Vector3.new(90, -90, 0)
Top2.WorldCFrame = CFrame.new(216.68695068359375, 201.2141571044922, -69.96138763427734, -0.8368337750434875, -0.5474573373794556, -1.639266855590904e-08, -2.980217850279132e-08, 7.549824232455649e-08, -0.9999955296516418, 0.5474572777748108, -0.836833655834198, -7.949524416517306e-08)
Top2.SecondaryAxis = Vector3.new(7.549857627964229e-08, -7.351371067443324e-08, 1)
Top2.Position = Vector3.new(-96.58794403076172, 126.68274688720703, 12.535659790039062)
Top2.Orientation = Vector3.new(-0.000001707546402940352, -89.99999237060547, -90)
Top2.WorldAxis = Vector3.new(-0.8368337750434875, -2.980217850279132e-08, 0.5474572777748108)
Top2.Parent = beamshigh

local Top3 = Instance.new("Attachment")
Top3.Name = "Top"
Top3.WorldSecondaryAxis = Vector3.new(-0.2737283706665039, 0.866021990776062, -0.41841626167297363)
Top3.WorldOrientation = Vector3.new(29.999963760375977, -146.80726623535156, -0.000004476179583434714)
Top3.CFrame = CFrame.new(-48.23417282104492, 143.6642303466797, 83.54387664794922, -6.765747428971736e-08, 0.8660258650779724, -0.49999937415122986, -1, -8.442212617865152e-08, -1.0908525638342326e-08, -5.16580627163421e-08, 0.49999937415122986, 0.8660258650779724)
Top3.WorldPosition = Vector3.new(192.02366638183594, 249.56771850585938, -138.68008422851562)
Top3.Axis = Vector3.new(-6.765747428971736e-08, -1, -5.16580627163421e-08)
Top3.Rotation = Vector3.new(7.21701837846922e-07, -29.999958038330078, -90)
Top3.WorldCFrame = CFrame.new(192.02366638183594, 249.56771850585938, -138.68008422851562, -0.8368338346481323, -0.2737283706665039, -0.4741121530532837, -6.765716875634098e-08, 0.866021990776062, -0.4999971389770508, 0.5474572777748108, -0.41841626167297363, -0.7247196435928345)
Top3.SecondaryAxis = Vector3.new(0.8660258650779724, -8.442212617865152e-08, 0.49999937415122986)
Top3.Position = Vector3.new(-48.23417282104492, 143.6642303466797, 83.54387664794922)
Top3.Orientation = Vector3.new(6.250124897633214e-07, -29.999956130981445, -90)
Top3.WorldAxis = Vector3.new(-0.8368338346481323, -6.765716875634098e-08, 0.5474572777748108)
Top3.Parent = beamshigh

local Top4 = Instance.new("Attachment")
Top4.Name = "Top"
Top4.WorldSecondaryAxis = Vector3.new(-0.5474573373794556, -4.3711192887485595e-08, -0.8368337154388428)
Top4.WorldOrientation = Vector3.new(90, -146.8072509765625, 0)
Top4.CFrame = CFrame.new(94.0416030883789, 110.38501739501953, 0, 1.910685465164705e-15, -4.371138828673793e-08, -1, -1, -4.371138828673793e-08, 0, -4.371138828673793e-08, 1, -4.371138828673793e-08)
Top4.WorldPosition = Vector3.new(209.91119384765625, 391.84283447265625, -50.54881286621094)
Top4.Axis = Vector3.new(1.910685465164705e-15, -1, -4.371138828673793e-08)
Top4.Rotation = Vector3.new(90, -90, 0)
Top4.WorldCFrame = CFrame.new(209.91119384765625, 391.84283447265625, -50.54881286621094, -0.8368338346481323, -0.5474573373794556, 2.393011833135006e-08, 1.9106769948352325e-15, -4.3711192887485595e-08, -0.9999955296516418, 0.5474572777748108, -0.8368337154388428, 3.6579162809857735e-08)
Top4.SecondaryAxis = Vector3.new(-4.371138828673793e-08, -4.371138828673793e-08, 1)
Top4.Position = Vector3.new(94.0416030883789, 110.38501739501953, 0)
Top4.Orientation = Vector3.new(-0, -90, -90)
Top4.WorldAxis = Vector3.new(-0.8368338346481323, 1.9106769948352325e-15, 0.5474572777748108)
Top4.Parent = beamshigh

local Top5 = Instance.new("Attachment")
Top5.Name = "Top"
Top5.WorldSecondaryAxis = Vector3.new(-0.4741118848323822, 0.4999981224536896, -0.7247191071510315)
Top5.WorldOrientation = Vector3.new(60, -146.80726623535156, -0.000004212021849525627)
Top5.CFrame = CFrame.new(82.35586547851562, 152.19091796875, -47.548160552978516, -3.675684823178926e-08, 0.5000003576278687, -0.8660252690315247, -1, -6.406676789083576e-08, 5.454166895901835e-09, -5.275634862300649e-08, 0.8660252690315247, 0.5000003576278687)
Top5.WorldPosition = Vector3.new(270.9263916015625, 380.15716552734375, -33.64584732055664)
Top5.Axis = Vector3.new(-3.675684823178926e-08, -1, -5.275634862300649e-08)
Top5.Rotation = Vector3.new(-6.250010073927115e-07, -59.99998474121094, -90)
Top5.WorldCFrame = CFrame.new(270.9263916015625, 380.15716552734375, -33.64584732055664, -0.8368338346481323, -0.4741118848323822, -0.2737288475036621, -3.675668480696004e-08, 0.4999981224536896, -0.8660213947296143, 0.5474572777748108, -0.7247191071510315, -0.41841715574264526)
Top5.SecondaryAxis = Vector3.new(0.5000003576278687, -6.406676789083576e-08, 0.8660252690315247)
Top5.Position = Vector3.new(82.35586547851562, 152.19091796875, -47.548160552978516)
Top5.Orientation = Vector3.new(-3.125007594917406e-07, -59.99998092651367, -90)
Top5.WorldAxis = Vector3.new(-0.8368338346481323, -3.675668480696004e-08, 0.5474572777748108)
Top5.Parent = beamshigh

local Bottom6 = Instance.new("Attachment")
Bottom6.Name = "Bottom"
Bottom6.WorldSecondaryAxis = Vector3.new(-0.2737286388874054, -0.8660215139389038, -0.4184168577194214)
Bottom6.WorldOrientation = Vector3.new(8.53773599374108e-07, -56.807254791259766, 150)
Bottom6.CFrame = CFrame.new(-3.9335312843322754, 0.04936118423938751, -6.81307315826416, 0.5, -0.8660253882408142, 0, 0, 0, -1, 0.8660253882408142, 0.5, 0)
Bottom6.WorldPosition = Vector3.new(121.3084487915039, 293.8681640625, 15.556649208068848)
Bottom6.Axis = Vector3.new(0.5, 0, 0.8660253882408142)
Bottom6.Rotation = Vector3.new(90, 0, 60)
Bottom6.WorldCFrame = CFrame.new(121.3084487915039, 293.8681640625, 15.556649208068848, -0.4741119146347046, -0.2737286388874054, -0.8368338346481323, 0.4999977648258209, -0.8660215139389038, 0, -0.724719226360321, -0.4184168577194214, 0.547457218170166)
Bottom6.SecondaryAxis = Vector3.new(-0.8660253882408142, 0, 0.5)
Bottom6.Position = Vector3.new(-3.9335312843322754, 0.04936118423938751, -6.81307315826416)
Bottom6.Orientation = Vector3.new(90, -60, 0)
Bottom6.WorldAxis = Vector3.new(-0.4741119146347046, 0.4999977648258209, -0.724719226360321)
Bottom6.Parent = beamshigh

local Bottom7 = Instance.new("Attachment")
Bottom7.Name = "Bottom"
Bottom7.WorldSecondaryAxis = Vector3.new(-0.2737286388874054, -0.8660215139389038, -0.4184168577194214)
Bottom7.WorldOrientation = Vector3.new(-8.53773599374108e-07, 123.19274139404297, -150)
Bottom7.CFrame = CFrame.new(4.0073652267456055, 0.04936118423938751, 6.940963268280029, -0.5, -0.8660253882408142, 0, 0, 0, 1, -0.8660253882408142, 0.5, 0)
Bottom7.WorldPosition = Vector3.new(113.77870178222656, 301.80902099609375, 4.046807765960693)
Bottom7.Axis = Vector3.new(-0.5, 0, -0.8660253882408142)
Bottom7.Rotation = Vector3.new(-90, 0, 120)
Bottom7.WorldCFrame = CFrame.new(113.77870178222656, 301.80902099609375, 4.046807765960693, 0.4741119146347046, -0.2737286388874054, 0.8368338346481323, -0.4999977648258209, -0.8660215139389038, 0, 0.724719226360321, -0.4184168577194214, -0.547457218170166)
Bottom7.SecondaryAxis = Vector3.new(-0.8660253882408142, 0, 0.5)
Bottom7.Position = Vector3.new(4.0073652267456055, 0.04936118423938751, 6.940963268280029)
Bottom7.Orientation = Vector3.new(-90, 120, 0)
Bottom7.WorldAxis = Vector3.new(0.4741119146347046, -0.4999977648258209, 0.724719226360321)
Bottom7.Parent = beamshigh

local Top6 = Instance.new("Attachment")
Top6.Name = "Top"
Top6.WorldSecondaryAxis = Vector3.new(-0.2737279236316681, -0.8660223484039307, -0.41841572523117065)
Top6.WorldOrientation = Vector3.new(29.999919891357422, 33.19274139404297, -180)
Top6.CFrame = CFrame.new(-41.77671432495117, 175.53372192382812, -85.98461151123047, -2.1749455569874954e-08, -0.8660262227058411, -0.49999865889549255, -1, -2.189447378952991e-08, 8.142151131096398e-08, -8.146036378775534e-08, 0.49999865889549255, -0.8660262227058411)
Top6.WorldPosition = Vector3.new(311.50274658203125, 256.025146484375, -14.260124206542969)
Top6.Axis = Vector3.new(-2.1749455569874954e-08, -1, -8.146036378775534e-08)
Top6.Rotation = Vector3.new(-179.99998474121094, -29.99991226196289, 90)
Top6.WorldCFrame = CFrame.new(311.50274658203125, 256.025146484375, -14.260124206542969, -0.8368337750434875, -0.2737279236316681, 0.4741124212741852, -2.1749357870248787e-08, -0.8660223484039307, -0.4999964237213135, 0.5474572777748108, -0.41841572523117065, 0.7247198820114136)
Top6.SecondaryAxis = Vector3.new(-0.8660262227058411, -2.189447378952991e-08, 0.49999865889549255)
Top6.Position = Vector3.new(-41.77671432495117, 175.53372192382812, -85.98461151123047)
Top6.Orientation = Vector3.new(-0.000004665108917834004, -150.00009155273438, -90)
Top6.WorldAxis = Vector3.new(-0.8368337750434875, -2.1749357870248787e-08, 0.5474572777748108)
Top6.Parent = beamshigh

local Top7 = Instance.new("Attachment")
Top7.Name = "Top"
Top7.WorldSecondaryAxis = Vector3.new(-0.2737285792827606, -0.8660216331481934, -0.41841667890548706)
Top7.WorldOrientation = Vector3.new(29.999996185302734, 33.19274139404297, 180)
Top7.CFrame = CFrame.new(47.13482666015625, 155.6203155517578, 81.6397476196289, 2.295401202445646e-08, -0.8660255074501038, -0.4999998211860657, -1, -3.825719829819718e-08, 2.0355400920379907e-08, -3.675689086435341e-08, 0.4999998211860657, -0.8660255074501038)
Top7.WorldPosition = Vector3.new(203.07135009765625, 344.936279296875, -143.63209533691406)
Top7.Axis = Vector3.new(2.295401202445646e-08, -1, -3.675689086435341e-08)
Top7.Rotation = Vector3.new(-180, -29.99998664855957, 89.99999237060547)
Top7.WorldCFrame = CFrame.new(203.07135009765625, 344.936279296875, -143.63209533691406, -0.8368338346481323, -0.2737285792827606, 0.47411200404167175, 2.2953908995759775e-08, -0.8660216331481934, -0.4999975860118866, 0.5474572777748108, -0.41841667890548706, 0.7247193455696106)
Top7.SecondaryAxis = Vector3.new(-0.8660255074501038, -3.825719829819718e-08, 0.4999998211860657)
Top7.Position = Vector3.new(47.13482666015625, 155.6203155517578, 81.6397476196289)
Top7.Orientation = Vector3.new(-0.000001166278480013716, -150, -90)
Top7.WorldAxis = Vector3.new(-0.8368338346481323, 2.2953908995759775e-08, 0.5474572777748108)
Top7.Parent = beamshigh

local Bottom8 = Instance.new("Attachment")
Bottom8.Name = "Bottom"
Bottom8.WorldSecondaryAxis = Vector3.new(-0.5474572777748108, 0, -0.8368337154388428)
Bottom8.WorldOrientation = Vector3.new(-0, 123.19274139404297, -90)
Bottom8.CFrame = CFrame.new(10.144018173217773, 0.04936118423938751, 0.00005164147660252638, -1, 0, 0, 0, 0, 1, 0, 1, -0)
Bottom8.WorldPosition = Vector3.new(117.57855224609375, 307.9456481933594, 9.855196952819824)
Bottom8.Axis = Vector3.new(-1, 0, 0)
Bottom8.Rotation = Vector3.new(-90, 0, -180)
Bottom8.WorldCFrame = CFrame.new(117.57855224609375, 307.9456481933594, 9.855196952819824, 0, -0.5474572777748108, 0.8368338346481323, -0.9999955296516418, 0, 0, -0, -0.8368337154388428, -0.547457218170166)
Bottom8.SecondaryAxis = Vector3.new(0, 0, 1)
Bottom8.Position = Vector3.new(10.144018173217773, 0.04936118423938751, 0.00005164147660252638)
Bottom8.Orientation = Vector3.new(-90, -180, 0)
Bottom8.WorldAxis = Vector3.new(0, -0.9999955296516418, -0)
Bottom8.Parent = beamshigh

local Bottom9 = Instance.new("Attachment")
Bottom9.Name = "Bottom"
Bottom9.WorldSecondaryAxis = Vector3.new(-0.4741119146347046, 0.4999977648258209, -0.724719226360321)
Bottom9.WorldOrientation = Vector3.new(8.53773599374108e-07, -56.807254791259766, 60)
Bottom9.CFrame = CFrame.new(-6.695245742797852, 0.04936118423938751, 3.865532636642456, 0.8660253882408142, 0.5, 0, 0, 0, -1, -0.5, 0.8660253882408142, 0)
Bottom9.WorldPosition = Vector3.new(115.46237182617188, 291.1064453125, 6.620431900024414)
Bottom9.Axis = Vector3.new(0.8660253882408142, 0, -0.5)
Bottom9.Rotation = Vector3.new(90, 0, -30)
Bottom9.WorldCFrame = CFrame.new(115.46237182617188, 291.1064453125, 6.620431900024414, 0.2737286388874054, -0.4741119146347046, -0.8368338346481323, 0.8660215139389038, 0.4999977648258209, 0, 0.4184168577194214, -0.724719226360321, 0.547457218170166)
Bottom9.SecondaryAxis = Vector3.new(0.5, 0, 0.8660253882408142)
Bottom9.Position = Vector3.new(-6.695245742797852, 0.04936118423938751, 3.865532636642456)
Bottom9.Orientation = Vector3.new(90, 30, 0)
Bottom9.WorldAxis = Vector3.new(0.2737286388874054, 0.8660215139389038, 0.4184168577194214)
Bottom9.Parent = beamshigh

local Top8 = Instance.new("Attachment")
Top8.Name = "Top"
Top8.WorldSecondaryAxis = Vector3.new(-0.2737283706665039, 0.866021990776062, -0.41841626167297363)
Top8.WorldOrientation = Vector3.new(29.999963760375977, -146.80726623535156, -0.000004476179583434714)
Top8.CFrame = CFrame.new(49.22600173950195, 172.79415893554688, -85.26182556152344, -6.765747428971736e-08, 0.8660258650779724, -0.49999937415122986, -1, -8.442212617865152e-08, -1.0908525638342326e-08, -5.16580627163421e-08, 0.49999937415122986, 0.8660258650779724)
Top8.WorldPosition = Vector3.new(308.81451416015625, 347.0274353027344, -13.365180969238281)
Top8.Axis = Vector3.new(-6.765747428971736e-08, -1, -5.16580627163421e-08)
Top8.Rotation = Vector3.new(7.21701837846922e-07, -29.999958038330078, -90)
Top8.WorldCFrame = CFrame.new(308.81451416015625, 347.0274353027344, -13.365180969238281, -0.8368338346481323, -0.2737283706665039, -0.4741121530532837, -6.765716875634098e-08, 0.866021990776062, -0.4999971389770508, 0.5474572777748108, -0.41841626167297363, -0.7247196435928345)
Top8.SecondaryAxis = Vector3.new(0.8660258650779724, -8.442212617865152e-08, 0.49999937415122986)
Top8.Position = Vector3.new(49.22600173950195, 172.79415893554688, -85.26182556152344)
Top8.Orientation = Vector3.new(6.250124897633214e-07, -29.999956130981445, -90)
Top8.WorldAxis = Vector3.new(-0.8368338346481323, -6.765716875634098e-08, 0.5474572777748108)
Top8.Parent = beamshigh

local Top9 = Instance.new("Attachment")
Top9.Name = "Top"
Top9.WorldSecondaryAxis = Vector3.new(-0.4741116762161255, 0.49999889731407166, -0.7247186899185181)
Top9.WorldOrientation = Vector3.new(59.99994659423828, -146.80726623535156, -0.0000076271016951068304)
Top9.CFrame = CFrame.new(-79.84443664550781, 158.69888305664062, 54.455162048339844, -6.65591670667709e-08, 0.5000011324882507, -0.8660247921943665, -1, -1.0477750578274936e-07, 1.6362463384211878e-08, -8.255866390527444e-08, 0.8660247921943665, 0.5000011324882507)
Top9.WorldPosition = Vector3.new(220.52999877929688, 217.95758056640625, -122.56851196289062)
Top9.Axis = Vector3.new(-6.65591670667709e-08, -1, -8.255866390527444e-08)
Top9.Rotation = Vector3.new(-0.000001874995859907358, -59.99993133544922, -90.00000762939453)
Top9.WorldCFrame = CFrame.new(220.52999877929688, 217.95758056640625, -122.56851196289062, -0.8368337750434875, -0.4741116762161255, -0.27372926473617554, -6.655886863882188e-08, 0.49999889731407166, -0.866020917892456, 0.5474572777748108, -0.7247186899185181, -0.4184178113937378)
Top9.SecondaryAxis = Vector3.new(0.5000011324882507, -1.0477750578274936e-07, 0.8660247921943665)
Top9.Position = Vector3.new(-79.84443664550781, 158.69888305664062, 54.455162048339844)
Top9.Orientation = Vector3.new(-9.375000900035957e-07, -59.99992752075195, -90.00000762939453)
Top9.WorldAxis = Vector3.new(-0.8368337750434875, -6.655886863882188e-08, 0.5474572777748108)
Top9.Parent = beamshigh

local Bottom10 = Instance.new("Attachment")
Bottom10.Name = "Bottom"
Bottom10.WorldSecondaryAxis = Vector3.new(-0.4741119146347046, -0.4999977648258209, -0.724719226360321)
Bottom10.WorldOrientation = Vector3.new(-8.53773599374108e-07, -56.807254791259766, 120)
Bottom10.CFrame = CFrame.new(-5.958413124084473, 0.04936118423938751, -3.440006971359253, 0.8660253882408142, -0.5, 0, 0, 0, -1, 0.5, 0.8660253882408142, 0)
Bottom10.WorldPosition = Vector3.new(119.46183776855469, 291.8432922363281, 12.733953475952148)
Bottom10.Axis = Vector3.new(0.8660253882408142, 0, 0.5)
Bottom10.Rotation = Vector3.new(90, 0, 30)
Bottom10.WorldCFrame = CFrame.new(119.46183776855469, 291.8432922363281, 12.733953475952148, -0.2737286388874054, -0.4741119146347046, -0.8368338346481323, 0.8660215139389038, -0.4999977648258209, 0, -0.4184168577194214, -0.724719226360321, 0.547457218170166)
Bottom10.SecondaryAxis = Vector3.new(-0.5, 0, 0.8660253882408142)
Bottom10.Position = Vector3.new(-5.958413124084473, 0.04936118423938751, -3.440006971359253)
Bottom10.Orientation = Vector3.new(90, -30, 0)
Bottom10.WorldAxis = Vector3.new(-0.2737286388874054, 0.8660215139389038, -0.4184168577194214)
Bottom10.Parent = beamshigh

local Bottom11 = Instance.new("Attachment")
Bottom11.Name = "Bottom"
Bottom11.WorldSecondaryAxis = Vector3.new(-0.4741119146347046, -0.4999977648258209, -0.724719226360321)
Bottom11.WorldOrientation = Vector3.new(8.53773599374108e-07, 123.19274139404297, -120)
Bottom11.CFrame = CFrame.new(10.543768882751465, 0.04936118423938751, 6.087535858154297, -0.8660253882408142, -0.5, 0, 0, 0, 1, -0.5, 0.8660253882408142, 0)
Bottom11.WorldPosition = Vector3.new(114.24591827392578, 308.34539794921875, 4.760984420776367)
Bottom11.Axis = Vector3.new(-0.8660253882408142, 0, -0.5)
Bottom11.Rotation = Vector3.new(-90, 0, 150)
Bottom11.WorldCFrame = CFrame.new(114.24591827392578, 308.34539794921875, 4.760984420776367, 0.2737286388874054, -0.4741119146347046, 0.8368338346481323, -0.8660215139389038, -0.4999977648258209, 0, 0.4184168577194214, -0.724719226360321, -0.547457218170166)
Bottom11.SecondaryAxis = Vector3.new(-0.5, 0, 0.8660253882408142)
Bottom11.Position = Vector3.new(10.543768882751465, 0.04936118423938751, 6.087535858154297)
Bottom11.Orientation = Vector3.new(-90, 150, 0)
Bottom11.WorldAxis = Vector3.new(0.2737286388874054, -0.8660215139389038, 0.4184168577194214)
Bottom11.Parent = beamshigh

local Top10 = Instance.new("Attachment")
Top10.Name = "Top"
Top10.WorldSecondaryAxis = Vector3.new(-0.4741118252277374, -0.4999981224536896, -0.7247191071510315)
Top10.WorldOrientation = Vector3.new(60, 33.19274139404297, 180)
Top10.CFrame = CFrame.new(-83.90625, 141.81884765625, -48.44321823120117, 6.954540499037876e-09, -0.5000003576278687, -0.8660252094268799, -1, -4.916559603884707e-08, 2.0355384933168352e-08, -5.275634507029281e-08, 0.8660252094268799, -0.5000003576278687)
Top10.WorldPosition = Vector3.new(262.7366943359375, 213.89578247070312, -27.21857452392578)
Top10.Axis = Vector3.new(6.954540499037876e-09, -1, -5.275634507029281e-08)
Top10.Rotation = Vector3.new(-179.99998474121094, -59.99997329711914, 90)
Top10.WorldCFrame = CFrame.new(262.7366943359375, 213.89578247070312, -27.21857452392578, -0.8368338346481323, -0.4741118252277374, 0.2737288773059845, 6.954509412793186e-09, -0.4999981224536896, -0.8660213351249695, 0.5474572777748108, -0.7247191071510315, 0.41841715574264526)
Top10.SecondaryAxis = Vector3.new(-0.5000003576278687, -4.916559603884707e-08, 0.8660252094268799)
Top10.Position = Vector3.new(-83.90625, 141.81884765625, -48.44321823120117)
Top10.Orientation = Vector3.new(-0.0000011662775705190143, -120.00001525878906, -90)
Top10.WorldAxis = Vector3.new(-0.8368338346481323, 6.954509412793186e-09, 0.5474572777748108)
Top10.Parent = beamshigh

local Top11 = Instance.new("Attachment")
Top11.Name = "Top"
Top11.WorldSecondaryAxis = Vector3.new(-0.47411176562309265, -0.49999842047691345, -0.7247188687324524)
Top11.WorldOrientation = Vector3.new(59.99997329711914, 33.19274139404297, -180)
Top11.CFrame = CFrame.new(78.00150299072266, 163.52540588378906, 45.03410339355469, -7.946614921650053e-09, -0.5000006556510925, -0.8660250306129456, -1, -5.461977892196046e-08, 4.071076276090935e-08, -6.765750271142679e-08, 0.8660250306129456, -0.5000006556510925)
Top11.WorldPosition = Vector3.new(229.72662353515625, 375.8028259277344, -117.32695007324219)
Top11.Axis = Vector3.new(-7.946614921650053e-09, -1, -6.765750271142679e-08)
Top11.Rotation = Vector3.new(-179.99998474121094, -59.99995803833008, 90)
Top11.WorldCFrame = CFrame.new(229.72662353515625, 375.8028259277344, -117.32695007324219, -0.8368337750434875, -0.47411176562309265, 0.27372902631759644, -7.946579394513265e-09, -0.49999842047691345, -0.8660211563110352, 0.5474572777748108, -0.7247188687324524, 0.418417364358902)
Top11.SecondaryAxis = Vector3.new(-0.5000006556510925, -5.461977892196046e-08, 0.8660250306129456)
Top11.Position = Vector3.new(78.00150299072266, 163.52540588378906, 45.03410339355469)
Top11.Orientation = Vector3.new(-0.000002332554913664353, -120.00004577636719, -90)
Top11.WorldAxis = Vector3.new(-0.8368337750434875, -7.946579394513265e-09, 0.5474572777748108)
Top11.Parent = beamshigh

local R = Instance.new("Folder")
R.Name = "R"
R.Parent = beamshigh

local Beam = Instance.new("Beam")
Beam.FaceCamera = true
Beam.CurveSize1 = -33.8437576
Beam.ZOffset = -1
Beam.Segments = 100
Beam.TextureSpeed = 0.6
Beam.Width1 = 67.6875153
Beam.Width0 = 67.6875153
Beam.CurveSize0 = -33.8437576
Beam.Transparency = NumberSequence.new({NumberSequenceKeypoint.new(0, 1), NumberSequenceKeypoint.new(0.3628429, 0), NumberSequenceKeypoint.new(0.7032419, 0.925), NumberSequenceKeypoint.new(1, 1)})
Beam.TextureLength = 0.5
Beam.LightEmission = 1
Beam.Color = ColorSequence.new(Color3.fromRGB(255, 85, 0))
Beam.Texture = "rbxassetid://13622546112"
Beam.Brightness = 2
Beam.Parent = R

local Beam1 = Instance.new("Beam")
Beam1.FaceCamera = true
Beam1.CurveSize1 = -33.8437576
Beam1.ZOffset = -1
Beam1.Segments = 100
Beam1.TextureSpeed = 0.6
Beam1.Width1 = 67.6875153
Beam1.Width0 = 67.6875153
Beam1.CurveSize0 = -33.8437576
Beam1.Transparency = NumberSequence.new({NumberSequenceKeypoint.new(0, 1), NumberSequenceKeypoint.new(0.3628429, 0), NumberSequenceKeypoint.new(0.7032419, 0.925), NumberSequenceKeypoint.new(1, 1)})
Beam1.TextureLength = 0.5
Beam1.LightEmission = 1
Beam1.Color = ColorSequence.new(Color3.fromRGB(255, 85, 0))
Beam1.Texture = "rbxassetid://13622546112"
Beam1.Brightness = 2
Beam1.Parent = R

local Beam2 = Instance.new("Beam")
Beam2.FaceCamera = true
Beam2.CurveSize1 = -33.8437576
Beam2.ZOffset = -1
Beam2.Segments = 100
Beam2.TextureSpeed = 0.6
Beam2.Width1 = 67.6875153
Beam2.Width0 = 67.6875153
Beam2.CurveSize0 = -33.8437576
Beam2.Transparency = NumberSequence.new({NumberSequenceKeypoint.new(0, 1), NumberSequenceKeypoint.new(0.3628429, 0), NumberSequenceKeypoint.new(0.7032419, 0.925), NumberSequenceKeypoint.new(1, 1)})
Beam2.TextureLength = 0.5
Beam2.LightEmission = 1
Beam2.Color = ColorSequence.new(Color3.fromRGB(255, 85, 0))
Beam2.Texture = "rbxassetid://13622546112"
Beam2.Brightness = 2
Beam2.Parent = R

local Beam3 = Instance.new("Beam")
Beam3.FaceCamera = true
Beam3.CurveSize1 = -33.8437576
Beam3.ZOffset = -1
Beam3.Segments = 100
Beam3.TextureSpeed = 0.6
Beam3.Width1 = 67.6875153
Beam3.Width0 = 67.6875153
Beam3.CurveSize0 = -33.8437576
Beam3.Transparency = NumberSequence.new({NumberSequenceKeypoint.new(0, 1), NumberSequenceKeypoint.new(0.3628429, 0), NumberSequenceKeypoint.new(0.7032419, 0.925), NumberSequenceKeypoint.new(1, 1)})
Beam3.TextureLength = 0.5
Beam3.LightEmission = 1
Beam3.Color = ColorSequence.new(Color3.fromRGB(255, 85, 0))
Beam3.Texture = "rbxassetid://13622546112"
Beam3.Brightness = 2
Beam3.Parent = R

local Beam4 = Instance.new("Beam")
Beam4.FaceCamera = true
Beam4.CurveSize1 = -33.8437576
Beam4.ZOffset = -1
Beam4.Segments = 100
Beam4.TextureSpeed = 0.6
Beam4.Width1 = 67.6875153
Beam4.Width0 = 67.6875153
Beam4.CurveSize0 = -33.8437576
Beam4.Transparency = NumberSequence.new({NumberSequenceKeypoint.new(0, 1), NumberSequenceKeypoint.new(0.3628429, 0), NumberSequenceKeypoint.new(0.7032419, 0.925), NumberSequenceKeypoint.new(1, 1)})
Beam4.TextureLength = 0.5
Beam4.LightEmission = 1
Beam4.Color = ColorSequence.new(Color3.fromRGB(255, 85, 0))
Beam4.Texture = "rbxassetid://13622546112"
Beam4.Brightness = 2
Beam4.Parent = R

local Beam5 = Instance.new("Beam")
Beam5.FaceCamera = true
Beam5.CurveSize1 = -33.8437576
Beam5.ZOffset = -1
Beam5.Segments = 100
Beam5.TextureSpeed = 0.6
Beam5.Width1 = 67.6875153
Beam5.Width0 = 67.6875153
Beam5.CurveSize0 = -33.8437576
Beam5.Transparency = NumberSequence.new({NumberSequenceKeypoint.new(0, 1), NumberSequenceKeypoint.new(0.3628429, 0), NumberSequenceKeypoint.new(0.7032419, 0.925), NumberSequenceKeypoint.new(1, 1)})
Beam5.TextureLength = 0.5
Beam5.LightEmission = 1
Beam5.Color = ColorSequence.new(Color3.fromRGB(255, 85, 0))
Beam5.Texture = "rbxassetid://13622546112"
Beam5.Brightness = 2
Beam5.Parent = R

local Beam6 = Instance.new("Beam")
Beam6.FaceCamera = true
Beam6.CurveSize1 = -33.8437576
Beam6.ZOffset = -1
Beam6.Segments = 100
Beam6.TextureSpeed = 0.6
Beam6.Width1 = 67.6875153
Beam6.Width0 = 67.6875153
Beam6.CurveSize0 = -33.8437576
Beam6.Transparency = NumberSequence.new({NumberSequenceKeypoint.new(0, 1), NumberSequenceKeypoint.new(0.3628429, 0), NumberSequenceKeypoint.new(0.7032419, 0.925), NumberSequenceKeypoint.new(1, 1)})
Beam6.TextureLength = 0.5
Beam6.LightEmission = 1
Beam6.Color = ColorSequence.new(Color3.fromRGB(255, 85, 0))
Beam6.Texture = "rbxassetid://13622546112"
Beam6.Brightness = 2
Beam6.Parent = R

local Beam7 = Instance.new("Beam")
Beam7.FaceCamera = true
Beam7.CurveSize1 = -33.8437576
Beam7.ZOffset = -1
Beam7.Segments = 100
Beam7.TextureSpeed = 0.6
Beam7.Width1 = 67.6875153
Beam7.Width0 = 67.6875153
Beam7.CurveSize0 = -33.8437576
Beam7.Transparency = NumberSequence.new({NumberSequenceKeypoint.new(0, 1), NumberSequenceKeypoint.new(0.3628429, 0), NumberSequenceKeypoint.new(0.7032419, 0.925), NumberSequenceKeypoint.new(1, 1)})
Beam7.TextureLength = 0.5
Beam7.LightEmission = 1
Beam7.Color = ColorSequence.new(Color3.fromRGB(255, 85, 0))
Beam7.Texture = "rbxassetid://13622546112"
Beam7.Brightness = 2
Beam7.Parent = R

local Beam8 = Instance.new("Beam")
Beam8.FaceCamera = true
Beam8.CurveSize1 = -33.8437576
Beam8.ZOffset = -1
Beam8.Segments = 100
Beam8.TextureSpeed = 0.6
Beam8.Width1 = 67.6875153
Beam8.Width0 = 67.6875153
Beam8.CurveSize0 = -33.8437576
Beam8.Transparency = NumberSequence.new({NumberSequenceKeypoint.new(0, 1), NumberSequenceKeypoint.new(0.3628429, 0), NumberSequenceKeypoint.new(0.7032419, 0.925), NumberSequenceKeypoint.new(1, 1)})
Beam8.TextureLength = 0.5
Beam8.LightEmission = 1
Beam8.Color = ColorSequence.new(Color3.fromRGB(255, 85, 0))
Beam8.Texture = "rbxassetid://13622546112"
Beam8.Brightness = 2
Beam8.Parent = R

local Beam9 = Instance.new("Beam")
Beam9.FaceCamera = true
Beam9.CurveSize1 = -33.8437576
Beam9.ZOffset = -1
Beam9.Segments = 100
Beam9.TextureSpeed = 0.6
Beam9.Width1 = 67.6875153
Beam9.Width0 = 67.6875153
Beam9.CurveSize0 = -33.8437576
Beam9.Transparency = NumberSequence.new({NumberSequenceKeypoint.new(0, 1), NumberSequenceKeypoint.new(0.3628429, 0), NumberSequenceKeypoint.new(0.7032419, 0.925), NumberSequenceKeypoint.new(1, 1)})
Beam9.TextureLength = 0.5
Beam9.LightEmission = 1
Beam9.Color = ColorSequence.new(Color3.fromRGB(255, 85, 0))
Beam9.Texture = "rbxassetid://13622546112"
Beam9.Brightness = 2
Beam9.Parent = R

local Beam10 = Instance.new("Beam")
Beam10.FaceCamera = true
Beam10.CurveSize1 = -33.8437576
Beam10.ZOffset = -1
Beam10.Segments = 100
Beam10.TextureSpeed = 0.6
Beam10.Width1 = 67.6875153
Beam10.Width0 = 67.6875153
Beam10.CurveSize0 = -33.8437576
Beam10.Transparency = NumberSequence.new({NumberSequenceKeypoint.new(0, 1), NumberSequenceKeypoint.new(0.3628429, 0), NumberSequenceKeypoint.new(0.7032419, 0.925), NumberSequenceKeypoint.new(1, 1)})
Beam10.TextureLength = 0.5
Beam10.LightEmission = 1
Beam10.Color = ColorSequence.new(Color3.fromRGB(255, 85, 0))
Beam10.Texture = "rbxassetid://13622546112"
Beam10.Brightness = 2
Beam10.Parent = R

local Beam11 = Instance.new("Beam")
Beam11.FaceCamera = true
Beam11.CurveSize1 = -33.8437576
Beam11.ZOffset = -1
Beam11.Segments = 100
Beam11.TextureSpeed = 0.6
Beam11.Width1 = 67.6875153
Beam11.Width0 = 67.6875153
Beam11.CurveSize0 = -33.8437576
Beam11.Transparency = NumberSequence.new({NumberSequenceKeypoint.new(0, 1), NumberSequenceKeypoint.new(0.3628429, 0), NumberSequenceKeypoint.new(0.7032419, 0.925), NumberSequenceKeypoint.new(1, 1)})
Beam11.TextureLength = 0.5
Beam11.LightEmission = 1
Beam11.Color = ColorSequence.new(Color3.fromRGB(255, 85, 0))
Beam11.Texture = "rbxassetid://13622546112"
Beam11.Brightness = 2
Beam11.Parent = R

local Beam12 = Instance.new("Beam")
Beam12.FaceCamera = true
Beam12.CurveSize1 = -33.8437576
Beam12.ZOffset = -1
Beam12.Segments = 100
Beam12.TextureSpeed = 0.6
Beam12.Width1 = 67.6875153
Beam12.Width0 = 67.6875153
Beam12.CurveSize0 = -33.8437576
Beam12.Transparency = NumberSequence.new({NumberSequenceKeypoint.new(0, 1), NumberSequenceKeypoint.new(0.3628429, 0), NumberSequenceKeypoint.new(0.7032419, 0.925), NumberSequenceKeypoint.new(1, 1)})
Beam12.TextureLength = 0.5
Beam12.LightEmission = 1
Beam12.Color = ColorSequence.new(Color3.fromRGB(255, 85, 0))
Beam12.Texture = "rbxassetid://13622546112"
Beam12.Brightness = 2
Beam12.Parent = R

local Beam13 = Instance.new("Beam")
Beam13.FaceCamera = true
Beam13.CurveSize1 = -33.8437576
Beam13.ZOffset = -1
Beam13.Segments = 100
Beam13.TextureSpeed = 0.6
Beam13.Width1 = 67.6875153
Beam13.Width0 = 67.6875153
Beam13.CurveSize0 = -33.8437576
Beam13.Transparency = NumberSequence.new({NumberSequenceKeypoint.new(0, 1), NumberSequenceKeypoint.new(0.3628429, 0), NumberSequenceKeypoint.new(0.7032419, 0.925), NumberSequenceKeypoint.new(1, 1)})
Beam13.TextureLength = 0.5
Beam13.LightEmission = 1
Beam13.Color = ColorSequence.new(Color3.fromRGB(255, 85, 0))
Beam13.Texture = "rbxassetid://13622546112"
Beam13.Brightness = 2
Beam13.Parent = R

local Beam14 = Instance.new("Beam")
Beam14.FaceCamera = true
Beam14.CurveSize1 = -33.8437576
Beam14.ZOffset = -1
Beam14.Segments = 100
Beam14.TextureSpeed = 0.6
Beam14.Width1 = 67.6875153
Beam14.Width0 = 67.6875153
Beam14.CurveSize0 = -33.8437576
